1 0 16 0
2 0 19 0
3 0 19 0
4 0 19 0
5 0 19 0
6 0 19 0
7 0 19 0
8 0 5 0
9 0 4 0
10 0 5 0
11 0 19 0
12 0 19 0
13 0 0 0
14 0 0 0
15 0 0 0
16 0 19 0
17 0 7 0
18 0 16 0
19 0 2 0
20 0 2 0
21 1 7 0
22 1 19 0
23 2 19 0
24 4 18 0
25 1 19 0
26 1 19 0
27 2 4 0
28 2 19 0
29 4 5 0
30 4 8 0
31 6 19 0
32 2 10 0
33 4 11 0
34 6 19 0
35 8 12 0
36 10 19 0
37 10 19 0
38 14 19 0
39 15 19 0
40 16 19 0
41 12 19 0
42 12 19 0
43 15 19 0
44 13 19 0
45 13 19 0
46 4 19 0
47 4 19 0
48 4 19 0
49 5 6 0
50 18 19 0
51 19 19 0
52 19 19 0
